% 
%                                                                                                                                                                                                                                                                
% 
%   caldt      vwretd      vwretx     vwindd     vwindx

19251231    -99.0000    -99.0000       1.48      12.28
19260130      0.0003     -0.0019       1.48      12.26
19260227     -0.0319     -0.0356       1.43      11.82
19260331     -0.0647     -0.0715       1.34      10.98
19260430      0.0370      0.0345       1.39      11.36
19260528      0.0145      0.0099       1.41      11.47
19260630      0.0556      0.0492       1.49      12.03
19260731      0.0287      0.0263       1.53      12.35
19260831      0.0277      0.0240       1.57      12.65
19260930      0.0025     -0.0026       1.58      12.61
19261030     -0.0279     -0.0303       1.53      12.23
19261130      0.0276      0.0211       1.58      12.49
19261231      0.0293      0.0228       1.62      12.77
19270131      0.0018     -0.0008       1.63      12.76
19270228      0.0452      0.0406       1.70      13.28
19270331      0.0067      0.0015       1.71      13.30
19270430      0.0068      0.0046       1.72      13.36
19270531      0.0571      0.0524       1.82      14.06
19270630     -0.0203     -0.0262       1.78      13.69
19270730      0.0757      0.0734       1.92      14.70
19270831      0.0255      0.0216       1.97      15.02
19270930      0.0469      0.0413       2.06      15.64
19271031     -0.0395     -0.0416       1.98      14.98
19271130      0.0693      0.0641       2.12      15.94
19271231      0.0231      0.0180       2.16      16.23
19280131     -0.0029     -0.0049       2.16      16.15
19280229     -0.0136     -0.0175       2.13      15.87
19280331      0.0898      0.0855       2.32      17.23
19280430      0.0429      0.0410       2.42      17.93
19280531      0.0195      0.0149       2.47      18.20
19280630     -0.0460     -0.0499       2.35      17.29
19280731      0.0103      0.0082       2.38      17.43
19280831      0.0680      0.0644       2.54      18.56
19280929      0.0310      0.0274       2.62      19.06
19281031      0.0208      0.0191       2.67      19.43
19281130      0.1207      0.1157       2.99      21.68
19281231      0.0038     -0.0000       3.01      21.68
19290131      0.0532      0.0514       3.17      22.79
19290228     -0.0010     -0.0044       3.16      22.69
19290328     -0.0074     -0.0108       3.14      22.44
19290430      0.0178      0.0163       3.19      22.81
19290531     -0.0558     -0.0597       3.02      21.45
19290629      0.0990      0.0954       3.31      23.49
19290731      0.0456      0.0437       3.47      24.52
19290830      0.0842      0.0809       3.76      26.50
19290930     -0.0495     -0.0522       3.57      25.12
19291031     -0.1957     -0.1975       2.87      20.16
19291127     -0.1227     -0.1272       2.52      17.60
19291231      0.0178      0.0126       2.57      17.82
19300131      0.0555      0.0528       2.71      18.76
19300228      0.0264      0.0224       2.78      19.18
19300331      0.0764      0.0724       2.99      20.57
19300430     -0.0218     -0.0239       2.93      20.08
19300529     -0.0128     -0.0166       2.89      19.74
19300630     -0.1574     -0.1615       2.43      16.56
19300731      0.0409      0.0383       2.53      17.19
19300829      0.0031     -0.0013       2.54      17.17
19300930     -0.1244     -0.1287       2.23      14.96
19301031     -0.0840     -0.0867       2.04      13.66
19301129     -0.0259     -0.0307       1.99      13.24
19301231     -0.0775     -0.0835       1.83      12.14
19310131      0.0621      0.0591       1.95      12.85
19310228      0.1090      0.1038       2.16      14.19
19310331     -0.0644     -0.0689       2.02      13.21
19310430     -0.0985     -0.1011       1.82      11.87
19310529     -0.1330     -0.1380       1.58      10.24
19310630      0.1377      0.1316       1.80      11.58
19310731     -0.0638     -0.0664       1.68      10.81
19310831      0.0008     -0.0041       1.68      10.77
19310930     -0.2898     -0.2945       1.19       7.60
19311031      0.0807      0.0758       1.29       8.17
19311130     -0.0894     -0.0956       1.18       7.39
19311231     -0.1349     -0.1420       1.02       6.34
19320130     -0.0107     -0.0139       1.01       6.25
19320229      0.0569      0.0496       1.06       6.56
19320331     -0.1093     -0.1157       0.95       5.81
19320430     -0.1800     -0.1829       0.78       4.74
19320531     -0.2069     -0.2142       0.62       3.73
19320630     -0.0094     -0.0197       0.61       3.65
19320730      0.3314      0.3285       0.81       4.85
19320831      0.3653      0.3588       1.11       6.60
19320930     -0.0315     -0.0368       1.07       6.35
19321031     -0.1306     -0.1321       0.93       5.51
19321130     -0.0556     -0.0612       0.88       5.18
19321231      0.0448      0.0365       0.92       5.37
19330131      0.0097      0.0076       0.93       5.41
19330228     -0.1329     -0.1384       0.81       4.66
19330331      0.0160      0.0091       0.82       4.70
19330429      0.3827      0.3806       1.13       6.49
19330531      0.2121      0.2083       1.37       7.84
19330630      0.1337      0.1295       1.56       8.86
19330731     -0.0961     -0.0971       1.41       8.00
19330831      0.1217      0.1190       1.58       8.95
19330930     -0.1057     -0.1093       1.41       7.97
19331031     -0.0825     -0.0840       1.30       7.30
19331129      0.0996      0.0946       1.42       7.99
19331230      0.0201      0.0158       1.45       8.12
19340131      0.1299      0.1280       1.64       9.16
19340228     -0.0234     -0.0268       1.60       8.91
19340331      0.0049      0.0009       1.61       8.92
19340430     -0.0180     -0.0196       1.58       8.75
19340531     -0.0707     -0.0737       1.47       8.10
19340630      0.0252      0.0208       1.51       8.27
19340731     -0.1082     -0.1102       1.34       7.36
19340831      0.0595      0.0543       1.42       7.76
19340929     -0.0029     -0.0072       1.42       7.70
19341031     -0.0203     -0.0219       1.39       7.53
19341130      0.0841      0.0794       1.51       8.13
19341231      0.0041     -0.0012       1.51       8.12
19350131     -0.0321     -0.0341       1.47       7.84
19350228     -0.0197     -0.0239       1.44       7.66
19350330     -0.0374     -0.0423       1.38       7.33
19350430      0.0895      0.0878       1.51       7.98
19350531      0.0348      0.0310       1.56       8.22
19350629      0.0549      0.0503       1.65       8.64
19350731      0.0741      0.0723       1.77       9.26
19350831      0.0279      0.0242       1.82       9.49
19350930      0.0241      0.0198       1.86       9.67
19351031      0.0705      0.0688       1.99      10.34
19351130      0.0518      0.0467       2.09      10.82
19351231      0.0461      0.0418       2.19      11.27
19360131      0.0660      0.0640       2.34      12.00
19360229      0.0261      0.0230       2.40      12.27
19360331      0.0087      0.0054       2.42      12.34
19360430     -0.0785     -0.0800       2.23      11.35
19360529      0.0505      0.0460       2.34      11.87
19360630      0.0260      0.0221       2.40      12.14
19360731      0.0639      0.0622       2.55      12.89
19360831      0.0113      0.0070       2.58      12.98
19360930      0.0147      0.0108       2.62      13.12
19361031      0.0700      0.0683       2.81      14.02
19361130      0.0342      0.0253       2.90      14.37
19361231      0.0012     -0.0049       2.90      14.30
19370130      0.0327      0.0312       3.00      14.75
19370227      0.0133      0.0104       3.04      14.90
19370331     -0.0042     -0.0077       3.03      14.79
19370430     -0.0745     -0.0758       2.80      13.67
19370528     -0.0081     -0.0129       2.78      13.49
19370630     -0.0407     -0.0453       2.67      12.88
19370731      0.0842      0.0825       2.89      13.94
19370831     -0.0454     -0.0498       2.76      13.25
19370930     -0.1350     -0.1396       2.39      11.40
19371030     -0.0948     -0.0965       2.16      10.30
19371130     -0.0834     -0.0954       1.98       9.32
19371231     -0.0408     -0.0497       1.90       8.85
19380131      0.0084      0.0065       1.92       8.91
19380228      0.0573      0.0532       2.02       9.39
19380331     -0.2368     -0.2414       1.55       7.12
19380430      0.1455      0.1435       1.77       8.14
19380531     -0.0391     -0.0437       1.70       7.79
19380630      0.2362      0.2308       2.10       9.58
19380730      0.0718      0.0702       2.25      10.26
19380831     -0.0273     -0.0307       2.19       9.94
19380930      0.0089      0.0050       2.21       9.99
19381031      0.0775      0.0759       2.38      10.75
19381130     -0.0183     -0.0233       2.34      10.50
19381231      0.0406      0.0352       2.43      10.87
19390131     -0.0597     -0.0611       2.29      10.20
19390228      0.0348      0.0307       2.37      10.52
19390331     -0.1192     -0.1231       2.09       9.22
19390429     -0.0026     -0.0043       2.08       9.18
19390531      0.0686      0.0639       2.22       9.77
19390630     -0.0532     -0.0578       2.11       9.21
19390731      0.1012      0.0995       2.32      10.12
19390831     -0.0661     -0.0706       2.17       9.41
19390930      0.1600      0.1555       2.51      10.87
19391031     -0.0041     -0.0054       2.50      10.81
19391130     -0.0366     -0.0452       2.41      10.32
19391230      0.0301      0.0233       2.48      10.56
19400131     -0.0246     -0.0261       2.42      10.29
19400229      0.0143      0.0093       2.46      10.38
19400330      0.0189      0.0149       2.50      10.54
19400430      0.0013     -0.0006       2.51      10.53
19400531     -0.2203     -0.2262       1.95       8.15
19400629      0.0666      0.0609       2.08       8.65
19400731      0.0325      0.0305       2.15       8.91
19400831      0.0236      0.0169       2.20       9.06
19400930      0.0230      0.0181       2.25       9.23
19401031      0.0299      0.0279       2.32       9.48
19401130     -0.0164     -0.0265       2.28       9.23
19401231      0.0069     -0.0008       2.30       9.22
19410131     -0.0405     -0.0421       2.20       8.84
19410228     -0.0149     -0.0210       2.17       8.65
19410331      0.0095      0.0038       2.19       8.68
19410430     -0.0530     -0.0548       2.08       8.21
19410531      0.0143      0.0062       2.11       8.26
19410630      0.0584      0.0515       2.23       8.68
19410731      0.0584      0.0562       2.36       9.17
19410830      0.0006     -0.0063       2.36       9.11
19410930     -0.0074     -0.0125       2.34       9.00
19411031     -0.0516     -0.0538       2.22       8.51
19411129     -0.0196     -0.0323       2.18       8.24
19411231     -0.0468     -0.0565       2.08       7.77
19420131      0.0058      0.0040       2.09       7.81
19420228     -0.0228     -0.0292       2.04       7.58
19420331     -0.0656     -0.0722       1.91       7.03
19420430     -0.0432     -0.0455       1.82       6.71
19420529      0.0615      0.0535       1.94       7.07
19420630      0.0250      0.0176       1.98       7.19
19420731      0.0348      0.0324       2.05       7.43
19420831      0.0187      0.0121       2.09       7.52
19420930      0.0263      0.0203       2.15       7.67
19421031      0.0680      0.0660       2.29       8.18
19421130      0.0014     -0.0090       2.30       8.10
19421231      0.0496      0.0410       2.41       8.43
19430130      0.0754      0.0739       2.59       9.06
19430227      0.0601      0.0548       2.75       9.55
19430331      0.0617      0.0567       2.92      10.09
19430430      0.0069      0.0053       2.94      10.15
19430529      0.0570      0.0515       3.11      10.67
19430630      0.0170      0.0119       3.16      10.80
19430731     -0.0463     -0.0478       3.01      10.28
19430831      0.0129      0.0082       3.05      10.37
19430930      0.0242      0.0192       3.12      10.57
19431030     -0.0122     -0.0134       3.09      10.42
19431130     -0.0583     -0.0671       2.91       9.72
19431231      0.0633      0.0562       3.09      10.27
19440131      0.0179      0.0165       3.15      10.44
19440229      0.0043     -0.0009       3.16      10.43
19440331      0.0243      0.0195       3.24      10.64
19440429     -0.0172     -0.0185       3.18      10.44
19440531      0.0519      0.0458       3.34      10.92
19440630      0.0567      0.0515       3.53      11.48
19440731     -0.0151     -0.0165       3.48      11.29
19440831      0.0153      0.0100       3.53      11.40
19440930      0.0004     -0.0036       3.54      11.36
19441031      0.0027      0.0012       3.55      11.38
19441130      0.0154      0.0063       3.60      11.45
19441230      0.0422      0.0365       3.75      11.87
19450131      0.0182      0.0169       3.82      12.07
19450228      0.0654      0.0607       4.07      12.80
19450331     -0.0391     -0.0431       3.91      12.25
19450430      0.0778      0.0766       4.21      13.19
19450531      0.0182      0.0124       4.29      13.35
19450630      0.0041      0.0005       4.31      13.36
19450731     -0.0222     -0.0234       4.21      13.04
19450831      0.0607      0.0559       4.47      13.77
19450929      0.0480      0.0446       4.68      14.39
19451031      0.0392      0.0381       4.87      14.94
19451130      0.0548      0.0478       5.13      15.65
19451231      0.0115      0.0078       5.19      15.77
19460131      0.0633      0.0621       5.52      16.75
19460228     -0.0579     -0.0615       5.20      15.72
19460330      0.0596      0.0563       5.51      16.60
19460430      0.0415      0.0404       5.74      17.28
19460531      0.0407      0.0365       5.97      17.91
19460628     -0.0395     -0.0423       5.74      17.15
19460731     -0.0256     -0.0271       5.59      16.68
19460830     -0.0639     -0.0679       5.23      15.55
19460930     -0.1003     -0.1038       4.71      13.94
19461031     -0.0142     -0.0159       4.64      13.72
19461130      0.0014     -0.0058       4.65      13.64
19461231      0.0508      0.0439       4.89      14.23
19470131      0.0151      0.0136       4.96      14.43
19470228     -0.0118     -0.0171       4.90      14.18
19470331     -0.0169     -0.0208       4.82      13.89
19470430     -0.0478     -0.0496       4.59      13.20
19470529     -0.0101     -0.0169       4.54      12.97
19470630      0.0536      0.0490       4.79      13.61
19470731      0.0414      0.0394       4.98      14.15
19470829     -0.0175     -0.0230       4.90      13.82
19470930     -0.0045     -0.0092       4.87      13.69
19471031      0.0247      0.0227       4.99      14.00
19471129     -0.0181     -0.0279       4.90      13.61
19471231      0.0299      0.0223       5.05      13.92
19480131     -0.0370     -0.0388       4.86      13.38
19480228     -0.0436     -0.0498       4.65      12.71
19480331      0.0826      0.0769       5.04      13.69
19480430      0.0377      0.0356       5.23      14.18
19480528      0.0745      0.0685       5.62      15.15
19480630     -0.0000     -0.0051       5.62      15.07
19480730     -0.0504     -0.0518       5.33      14.29
19480831      0.0039     -0.0028       5.35      14.25
19480930     -0.0294     -0.0347       5.20      13.75
19481030      0.0598      0.0569       5.51      14.54
19481130     -0.0906     -0.1012       5.01      13.07
19481231      0.0321      0.0234       5.17      13.37
19490131      0.0030      0.0010       5.18      13.39
19490228     -0.0287     -0.0361       5.03      12.90
19490331      0.0408      0.0347       5.24      13.35
19490430     -0.0181     -0.0206       5.15      13.08
19490531     -0.0273     -0.0344       5.00      12.63
19490630      0.0034     -0.0031       5.02      12.59
19490729      0.0555      0.0538       5.30      13.26
19490831      0.0265      0.0185       5.44      13.51
19490930      0.0321      0.0273       5.62      13.88
19491031      0.0316      0.0298       5.79      14.29
19491130      0.0192      0.0053       5.90      14.37
19491231      0.0526      0.0451       6.21      15.01
19500131      0.0163      0.0144       6.32      15.23
19500228      0.0145      0.0074       6.41      15.34
19500331      0.0122      0.0068       6.49      15.45
19500429      0.0401      0.0382       6.75      16.04
19500531      0.0429      0.0355       7.04      16.61
19500630     -0.0565     -0.0613       6.64      15.59
19500731      0.0160      0.0144       6.74      15.81
19500831      0.0503      0.0397       7.08      16.44
19500929      0.0488      0.0437       7.43      17.16
19501031     -0.0014     -0.0031       7.42      17.11
19501130      0.0290      0.0123       7.63      17.32
19501230      0.0572      0.0504       8.07      18.19
19510131      0.0579      0.0560       8.54      19.21
19510228      0.0151      0.0084       8.67      19.37
19510331     -0.0210     -0.0256       8.49      18.87
19510430      0.0497      0.0482       8.91      19.78
19510531     -0.0226     -0.0301       8.71      19.19
19510629     -0.0252     -0.0295       8.49      18.62
19510731      0.0709      0.0695       9.09      19.92
19510831      0.0451      0.0368       9.50      20.65
19510928      0.0090      0.0053       9.58      20.76
19511031     -0.0224     -0.0243       9.37      20.25
19511130      0.0060     -0.0043       9.43      20.17
19511231      0.0350      0.0300       9.75      20.77
19520131      0.0170      0.0154       9.92      21.09
19520229     -0.0248     -0.0321       9.67      20.41
19520331      0.0454      0.0412      10.11      21.26
19520430     -0.0487     -0.0504       9.62      20.19
19520529      0.0326      0.0250       9.93      20.69
19520630      0.0394      0.0354      10.33      21.42
19520731      0.0119      0.0104      10.45      21.65
19520829     -0.0070     -0.0141      10.38      21.34
19520930     -0.0192     -0.0231      10.18      20.85
19521031     -0.0053     -0.0069      10.12      20.70
19521128      0.0590      0.0493      10.72      21.72
19521231      0.0312      0.0266      11.05      22.30
19530130     -0.0017     -0.0027      11.04      22.24
19530227     -0.0016     -0.0090      11.02      22.04
19530331     -0.0133     -0.0171      10.87      21.67
19530430     -0.0274     -0.0288      10.57      21.04
19530529      0.0067     -0.0006      10.64      21.03
19530630     -0.0163     -0.0204      10.47      20.60
19530731      0.0252      0.0236      10.73      21.09
19530831     -0.0440     -0.0513      10.26      20.00
19530930      0.0031     -0.0012      10.29      19.98
19531030      0.0470      0.0454      10.78      20.89
19531130      0.0283      0.0182      11.08      21.27
19531231      0.0007     -0.0046      11.09      21.17
19540129      0.0506      0.0494      11.65      22.21
19540226      0.0192      0.0119      11.87      22.48
19540331      0.0378      0.0338      12.32      23.24
19540430      0.0426      0.0413      12.85      24.20
19540528      0.0314      0.0248      13.25      24.80
19540630      0.0114      0.0076      13.40      24.99
19540730      0.0504      0.0492      14.08      26.22
19540831     -0.0225     -0.0292      13.76      25.45
19540930      0.0643      0.0611      14.65      27.01
19541029     -0.0162     -0.0176      14.41      26.53
19541130      0.0960      0.0866      15.79      28.83
19541231      0.0553      0.0516      16.66      30.31
19550131      0.0071      0.0062      16.78      30.50
19550228      0.0314      0.0257      17.31      31.29
19550331     -0.0012     -0.0044      17.29      31.15
19550429      0.0323      0.0313      17.84      32.12
19550531      0.0119      0.0063      18.06      32.32
19550630      0.0659      0.0629      19.25      34.36
19550729      0.0200      0.0192      19.63      35.02
19550831      0.0044     -0.0014      19.72      34.97
19550930     -0.0022     -0.0048      19.67      34.80
19551031     -0.0257     -0.0268      19.17      33.87
19551130      0.0715      0.0624      20.54      35.98
19551230      0.0165      0.0134      20.88      36.46
19560131     -0.0280     -0.0294      20.29      35.39
19560229      0.0396      0.0344      21.10      36.61
19560329      0.0681      0.0653      22.53      39.00
19560430      0.0052      0.0043      22.65      39.16
19560531     -0.0491     -0.0547      21.54      37.02
19560629      0.0369      0.0342      22.33      38.29
19560731      0.0509      0.0496      23.47      40.19
19560831     -0.0292     -0.0343      22.79      38.81
19560928     -0.0506     -0.0531      21.63      36.75
19561031      0.0077      0.0059      21.80      36.97
19561130      0.0080      0.0010      21.97      37.01
19561231      0.0307      0.0274      22.65      38.02
19570131     -0.0321     -0.0335      21.92      36.74
19570228     -0.0186     -0.0241      21.51      35.86
19570329      0.0240      0.0208      22.03      36.60
19570430      0.0451      0.0437      23.02      38.20
19570531      0.0365      0.0310      23.86      39.39
19570628     -0.0056     -0.0084      23.73      39.06
19570731      0.0096      0.0081      23.96      39.37
19570830     -0.0501     -0.0553      22.76      37.20
19570930     -0.0576     -0.0604      21.45      34.95
19571031     -0.0412     -0.0429      20.56      33.45
19571129      0.0254      0.0183      21.09      34.06
19571231     -0.0373     -0.0412      20.30      32.66
19580131      0.0497      0.0483      21.31      34.24
19580228     -0.0140     -0.0201      21.01      33.55
19580331      0.0337      0.0303      21.72      34.57
19580430      0.0308      0.0292      22.39      35.58
19580529      0.0245      0.0191      22.94      36.26
19580630      0.0295      0.0263      23.61      37.21
19580731      0.0451      0.0435      24.68      38.83
19580829      0.0191      0.0144      25.15      39.38
19580930      0.0487      0.0458      26.37      41.19
19581031      0.0274      0.0259      27.10      42.26
19581128      0.0303      0.0251      27.92      43.32
19581231      0.0532      0.0504      29.40      45.50
19590130      0.0091      0.0080      29.67      45.87
19590227      0.0111      0.0066      30.00      46.17
19590331      0.0047      0.0022      30.14      46.27
19590430      0.0384      0.0374      31.29      48.00
19590529      0.0189      0.0147      31.89      48.70
19590630      0.0009     -0.0016      31.92      48.63
19590731      0.0340      0.0330      33.00      50.23
19590831     -0.0127     -0.0167      32.59      49.39
19590930     -0.0449     -0.0473      31.12      47.06
19591030      0.0155      0.0144      31.61      47.73
19591130      0.0183      0.0130      32.18      48.35
19591231      0.0281      0.0254      33.09      49.58
19600129     -0.0666     -0.0675      30.89      46.23
19600229      0.0128      0.0080      31.28      46.60
19600331     -0.0111     -0.0138      30.93      45.96
19600429     -0.0151     -0.0162      30.46      45.21
19600531      0.0335      0.0287      31.48      46.51
19600630      0.0233      0.0206      32.22      47.47
19600729     -0.0210     -0.0219      31.54      46.43
19600831      0.0302      0.0251      32.50      47.59
19600930     -0.0584     -0.0606      30.60      44.71
19601031     -0.0048     -0.0060      30.45      44.45
19601130      0.0485      0.0425      31.93      46.33
19601230      0.0484      0.0461      33.47      48.47
19610131      0.0642      0.0630      35.62      51.52
19610228      0.0368      0.0326      36.93      53.21
19610330      0.0306      0.0284      38.07      54.71
19610428      0.0056      0.0049      38.28      54.98
19610531      0.0258      0.0215      39.27      56.17
19610630     -0.0284     -0.0305      38.15      54.45
19610731      0.0299      0.0291      39.29      56.04
19610831      0.0268      0.0218      40.35      57.26
19610929     -0.0200     -0.0218      39.54      56.02
19611031      0.0275      0.0262      40.63      57.49
19611130      0.0454      0.0398      42.47      59.78
19611229      0.0009     -0.0004      42.51      59.75
19620131     -0.0362     -0.0375      40.97      57.51
19620228      0.0195      0.0152      41.77      58.38
19620330     -0.0046     -0.0061      41.58      58.03
19620430     -0.0634     -0.0642      38.94      54.30
19620531     -0.0845     -0.0896      35.65      49.44
19620629     -0.0826     -0.0843      32.71      45.27
19620731      0.0655      0.0642      34.85      48.17
19620831      0.0234      0.0179      35.66      49.04
19620928     -0.0502     -0.0518      33.87      46.50
19621031      0.0022      0.0004      33.95      46.52
19621130      0.1101      0.1029      37.69      51.30
19621231      0.0119      0.0100      38.13      51.82
19630131      0.0518      0.0505      40.11      54.43
19630228     -0.0219     -0.0266      39.23      52.98
19630329      0.0329      0.0312      40.52      54.64
19630430      0.0474      0.0464      42.44      57.18
19630531      0.0201      0.0147      43.30      58.02
19630628     -0.0180     -0.0195      42.51      56.89
19630731     -0.0017     -0.0030      42.44      56.72
19630830      0.0527      0.0480      44.68      59.44
19630930     -0.0119     -0.0133      44.15      58.65
19631031      0.0277      0.0263      45.37      60.19
19631129     -0.0056     -0.0117      45.12      59.49
19631231      0.0217      0.0200      46.10      60.68
19640131      0.0258      0.0247      47.29      62.18
19640228      0.0172      0.0127      48.10      62.97
19640331      0.0176      0.0160      48.95      63.97
19640430      0.0046      0.0037      49.17      64.21
19640528      0.0174      0.0125      50.03      65.01
19640630      0.0151      0.0134      50.78      65.88
19640731      0.0201      0.0191      51.81      67.14
19640831     -0.0113     -0.0156      51.22      66.10
19640930      0.0305      0.0288      52.78      68.00
19641030      0.0089      0.0077      53.25      68.53
19641130      0.0031     -0.0027      53.42      68.34
19641231      0.0037      0.0019      53.61      68.47
19650129      0.0386      0.0377      55.69      71.05
19650226      0.0069      0.0026      56.07      71.24
19650331     -0.0097     -0.0114      55.53      70.43
19650430      0.0337      0.0327      57.40      72.73
19650528     -0.0043     -0.0091      57.15      72.07
19650630     -0.0519     -0.0536      54.18      68.21
19650730      0.0168      0.0159      55.09      69.29
19650831      0.0309      0.0261      56.79      71.10
19650930      0.0320      0.0304      58.61      73.26
19651029      0.0293      0.0282      60.32      75.33
19651130      0.0031     -0.0030      60.51      75.10
19651231      0.0135      0.0120      61.33      76.00
19660131      0.0121      0.0112      62.07      76.86
19660228     -0.0086     -0.0130      61.54      75.86
19660331     -0.0209     -0.0227      60.25      74.13
19660429      0.0248      0.0239      61.74      75.90
19660531     -0.0525     -0.0575      58.50      71.54
19660630     -0.0103     -0.0121      57.90      70.67
19660729     -0.0129     -0.0138      57.15      69.70
19660831     -0.0754     -0.0807      52.84      64.07
19660930     -0.0070     -0.0087      52.48      63.51
19661031      0.0423      0.0412      54.69      66.13
19661130      0.0175      0.0106      55.65      66.83
19661230      0.0062      0.0044      56.00      67.12
19670131      0.0855      0.0841      60.79      72.77
19670228      0.0109      0.0063      61.45      73.22
19670331      0.0434      0.0416      64.12      76.27
19670428      0.0416      0.0407      66.79      79.37
19670531     -0.0393     -0.0442      64.16      75.86
19670630      0.0269      0.0253      65.89      77.78
19670731      0.0492      0.0483      69.13      81.54
19670831     -0.0063     -0.0111      68.70      80.64
19670929      0.0343      0.0329      71.05      83.29
19671031     -0.0274     -0.0286      69.10      80.90
19671130      0.0079      0.0026      69.65      81.11
19671229      0.0337      0.0322      71.99      83.72
19680131     -0.0363     -0.0378      69.38      80.55
19680229     -0.0336     -0.0381      67.05      77.48
19680329      0.0051      0.0037      67.39      77.77
19680430      0.0941      0.0927      73.73      84.99
19680531      0.0270      0.0225      75.73      86.90
19680628      0.0115      0.0100      76.60      87.77
19680730     -0.0220     -0.0232      74.91      85.74
19680830      0.0180      0.0135      76.26      86.89
19680930      0.0445      0.0432      79.66      90.65
19681031      0.0090      0.0075      80.38      91.33
19681129      0.0585      0.0541      85.08      96.27
19681231     -0.0339     -0.0354      82.20      92.87
19690131     -0.0067     -0.0077      81.64      92.15
19690228     -0.0536     -0.0579      77.26      86.81
19690328      0.0305      0.0291      79.62      89.34
19690430      0.0205      0.0193      81.26      91.07
19690529      0.0050      0.0002      81.67      91.09
19690630     -0.0674     -0.0690      76.16      84.81
19690731     -0.0652     -0.0664      71.20      79.18
19690829      0.0515      0.0465      74.86      82.86
19690930     -0.0226     -0.0242      73.17      80.86
19691031      0.0556      0.0538      77.25      85.21
19691128     -0.0322     -0.0367      74.76      82.08
19691231     -0.0197     -0.0215      73.29      80.32
19700130     -0.0733     -0.0745      67.92      74.33
19700227      0.0567      0.0517      71.77      78.17
19700331     -0.0047     -0.0066      71.43      77.66
19700430     -0.1053     -0.1064      63.91      69.40
19700529     -0.0643     -0.0699      59.80      64.54
19700630     -0.0511     -0.0534      56.74      61.10
19700731      0.0742      0.0721      60.95      65.51
19700831      0.0500      0.0446      64.00      68.43
19700930      0.0475      0.0456      67.04      71.55
19701030     -0.0182     -0.0204      65.82      70.08
19701130      0.0504      0.0454      69.14      73.26
19701231      0.0607      0.0590      73.34      77.58
19710129      0.0520      0.0508      77.16      81.52
19710226      0.0169      0.0124      78.46      82.53
19710331      0.0448      0.0430      81.98      86.08
19710430      0.0333      0.0323      84.71      88.86
19710528     -0.0364     -0.0407      81.63      85.24
19710630      0.0031      0.0014      81.88      85.36
19710730     -0.0403     -0.0413      78.58      81.83
19710831      0.0425      0.0377      81.92      84.91
19710930     -0.0050     -0.0065      81.51      84.36
19711029     -0.0407     -0.0423      78.19      80.79
19711130     -0.0013     -0.0057      78.10      80.33
19711231      0.0913      0.0896      85.22      87.52
19720131      0.0284      0.0272      87.64      89.90
19720229      0.0313      0.0273      90.39      92.35
19720330      0.0087      0.0072      91.18      93.02
19720428      0.0055      0.0047      91.68      93.46
19720531      0.0164      0.0120      93.18      94.58
19720630     -0.0209     -0.0224      91.23      92.46
19720731     -0.0043     -0.0053      90.85      91.97
19720831      0.0360      0.0319      94.11      94.90
19720929     -0.0077     -0.0091      93.39      94.04
19721031      0.0087      0.0074      94.20      94.73
19721130      0.0498      0.0453      98.89      99.02
19721229      0.0112      0.0099     100.00     100.00
19730131     -0.0261     -0.0273      97.39      97.27
19730228     -0.0426     -0.0464      93.24      92.75
19730330     -0.0059     -0.0073      92.69      92.08
19730430     -0.0480     -0.0492      88.24      87.54
19730531     -0.0219     -0.0265      86.31      85.23
19730629     -0.0078     -0.0095      85.64      84.42
19730731      0.0545      0.0531      90.31      88.90
19730831     -0.0293     -0.0339      87.66      85.88
19730928      0.0526      0.0513      92.27      90.29
19731031      0.0004     -0.0014      92.31      90.16
19731130     -0.1177     -0.1229      81.44      79.08
19731231      0.0130      0.0110      82.50      79.95
19740131      0.0022      0.0006      82.69      80.00
19740228      0.0033     -0.0017      82.96      79.86
19740329     -0.0235     -0.0254      81.02      77.84
19740430     -0.0444     -0.0462      77.42      74.24
19740531     -0.0384     -0.0440      74.44      70.97
19740628     -0.0197     -0.0221      72.98      69.40
19740731     -0.0700     -0.0718      67.87      64.42
19740830     -0.0861     -0.0933      62.02      58.41
19740930     -0.1103     -0.1128      55.18      51.83
19741031      0.1650      0.1619      64.29      60.21
19741129     -0.0421     -0.0496      61.58      57.23
19741231     -0.0251     -0.0283      60.04      55.61
19750131      0.1391      0.1372      68.39      63.24
19750228      0.0594      0.0523      72.45      66.54
19750331      0.0292      0.0266      74.57      68.31
19750430      0.0473      0.0452      78.10      71.40
19750530      0.0548      0.0489      82.38      74.89
19750630      0.0514      0.0490      86.61      78.56
19750731     -0.0623     -0.0643      81.22      73.51
19750829     -0.0213     -0.0269      79.49      71.53
19750930     -0.0362     -0.0387      76.61      68.77
19751031      0.0577      0.0551      81.03      72.55
19751128      0.0316      0.0260      83.59      74.44
19751231     -0.0110     -0.0135      82.68      73.43
19760130      0.1265      0.1249      93.14      82.60
19760227      0.0040     -0.0015      93.51      82.48
19760331      0.0288      0.0264      96.20      84.66
19760430     -0.0110     -0.0122      95.14      83.63
19760528     -0.0084     -0.0147      94.34      82.40
19760630      0.0462      0.0439      98.70      86.01
19760730     -0.0078     -0.0092      97.93      85.22
19760831     -0.0001     -0.0064      97.92      84.68
19760930      0.0251      0.0230     100.37      86.63
19761029     -0.0216     -0.0234      98.21      84.59
19761130      0.0047     -0.0023      98.67      84.40
19761231      0.0601      0.0578     104.60      89.28
19770131     -0.0376     -0.0392     100.67      85.78
19770228     -0.0166     -0.0229      99.00      83.82
19770331     -0.0100     -0.0125      98.01      82.76
19770429      0.0039      0.0025      98.39      82.97
19770531     -0.0121     -0.0197      97.20      81.34
19770630      0.0520      0.0494     102.25      85.36
19770729     -0.0149     -0.0163     100.72      83.97
19770831     -0.0145     -0.0218      99.26      82.14
19770930      0.0007     -0.0018      99.33      81.99
19771031     -0.0399     -0.0420      95.37      78.55
19771130      0.0440      0.0353      99.57      81.32
19771230      0.0069      0.0043     100.26      81.67
19780131     -0.0569     -0.0589      94.55      76.86
19780228     -0.0113     -0.0190      93.49      75.39
19780331      0.0326      0.0294      96.53      77.61
19780428      0.0826      0.0810     104.51      83.90
19780531      0.0208      0.0126     106.68      84.96
19780630     -0.0124     -0.0153     105.36      83.65
19780731      0.0574      0.0555     111.41      88.30
19780831      0.0393      0.0321     115.79      91.13
19780929     -0.0063     -0.0088     115.06      90.32
19781031     -0.1060     -0.1087     102.87      80.51
19781130      0.0337      0.0252     106.33      82.54
19781229      0.0165      0.0134     108.08      83.65
19790131      0.0477      0.0451     113.24      87.42
19790228     -0.0273     -0.0347     110.14      84.38
19790330      0.0644      0.0613     117.24      89.56
19790430      0.0077      0.0055     118.13      90.05
19790531     -0.0136     -0.0220     116.52      88.08
19790629      0.0461      0.0430     121.89      91.87
19790731      0.0140      0.0117     123.60      92.94
19790831      0.0644      0.0566     131.57      98.21
19790928      0.0015     -0.0009     131.76      98.12
19791031     -0.0706     -0.0735     122.46      90.91
19791130      0.0632      0.0551     130.20      95.91
19791231      0.0259      0.0229     133.57      98.11
19800131      0.0651      0.0627     142.26     104.26
19800229      0.0029     -0.0042     142.67     103.82
19800331     -0.1159     -0.1189     126.13      91.47
19800430      0.0506      0.0481     132.52      95.87
19800530      0.0587      0.0509     140.30     100.75
19800630      0.0364      0.0331     145.40     104.08
19800731      0.0683      0.0658     155.32     110.93
19800829      0.0203      0.0137     158.47     112.45
19800930      0.0282      0.0253     162.94     115.29
19801031      0.0188      0.0160     166.01     117.13
19801128      0.1067      0.1004     183.72     128.89
19801231     -0.0350     -0.0376     177.30     124.05
19810130     -0.0418     -0.0436     169.89     118.64
19810227      0.0168      0.0100     172.74     119.83
19810331      0.0443      0.0411     180.38     124.76
19810430     -0.0160     -0.0178     177.49     122.53
19810529      0.0112      0.0047     179.49     123.10
19810630     -0.0076     -0.0108     178.12     121.77
19810731     -0.0012     -0.0030     177.90     121.41
19810831     -0.0546     -0.0617     168.20     113.91
19810930     -0.0622     -0.0652     157.74     106.49
19811030      0.0575      0.0542     166.82     112.25
19811130      0.0472      0.0402     174.69     116.76
19811231     -0.0284     -0.0315     169.72     113.09
19820129     -0.0251     -0.0269     165.46     110.05
19820226     -0.0518     -0.0599     156.88     103.46
19820331     -0.0092     -0.0133     155.44     102.09
19820430      0.0419      0.0400     161.95     106.17
19820528     -0.0277     -0.0367     157.47     102.28
19820630     -0.0225     -0.0261     153.92      99.61
19820730     -0.0204     -0.0227     150.78      97.35
19820831      0.1249      0.1152     169.60     108.56
19820930      0.0125      0.0093     171.72     109.57
19821029      0.1164      0.1136     191.71     122.02
19821130      0.0472      0.0398     200.76     126.87
19821231      0.0160      0.0135     203.99     128.59
19830131      0.0382      0.0359     211.77     133.21
19830228      0.0279      0.0214     217.67     136.05
19830331      0.0338      0.0307     225.03     140.22
19830429      0.0732      0.0718     241.51     150.29
19830531      0.0072      0.0014     243.24     150.51
19830630      0.0388      0.0356     252.69     155.87
19830729     -0.0299     -0.0312     245.15     151.01
19830831      0.0100      0.0042     247.61     151.64
19830930      0.0167      0.0135     251.73     153.69
19831031     -0.0213     -0.0231     246.38     150.14
19831130      0.0275      0.0216     253.16     153.39
19831230     -0.0084     -0.0116     251.03     151.61
19840131     -0.0097     -0.0118     248.58     149.83
19840229     -0.0366     -0.0419     239.49     143.56
19840330      0.0161      0.0125     243.34     145.35
19840430      0.0049      0.0030     244.52     145.79
19840531     -0.0516     -0.0575     231.90     137.41
19840629      0.0225      0.0183     237.11     139.92
19840731     -0.0176     -0.0197     232.94     137.17
19840831      0.1129      0.1066     259.25     151.79
19840928      0.0019     -0.0012     259.75     151.61
19841031      0.0016     -0.0015     260.16     151.37
19841130     -0.0099     -0.0149     257.58     149.13
19841231      0.0241      0.0204     263.78     152.16
19850131      0.0802      0.0779     284.95     164.01
19850228      0.0164      0.0114     289.62     165.88
19850329      0.0000     -0.0034     289.62     165.32
19850430     -0.0031     -0.0050     288.72     164.49
19850531      0.0586      0.0532     305.65     173.24
19850628      0.0165      0.0133     310.70     175.54
19850731     -0.0028     -0.0050     309.81     174.67
19850830     -0.0042     -0.0094     308.51     173.02
19850930     -0.0372     -0.0401     297.03     166.08
19851031      0.0440      0.0413     310.10     172.94
19851129      0.0685      0.0636     331.34     183.94
19851231      0.0442      0.0411     346.00     191.50
19860131      0.0067      0.0047     348.32     192.40
19860228      0.0727      0.0680     373.65     205.48
19860331      0.0554      0.0527     394.33     216.31
19860430     -0.0129     -0.0148     389.23     213.10
19860530      0.0515      0.0460     409.27     222.91
19860630      0.0146      0.0118     415.26     225.53
19860731     -0.0557     -0.0577     392.12     212.53
19860829      0.0722      0.0681     420.45     227.00
19860930     -0.0784     -0.0808     387.49     208.66
19861031      0.0525      0.0498     407.85     219.05
19861128      0.0179      0.0133     415.17     221.96
19861231     -0.0259     -0.0288     404.41     215.57
19870130      0.1292      0.1274     456.64     243.04
19870227      0.0420      0.0383     475.84     252.35
19870331      0.0252      0.0226     487.84     258.06
19870430     -0.0153     -0.0174     480.40     253.57
19870529      0.0064      0.0028     483.46     254.29
19870630      0.0476      0.0449     506.46     265.70
19870731      0.0470      0.0449     530.26     277.63
19870831      0.0357      0.0321     549.19     286.55
19870930     -0.0206     -0.0228     537.86     280.01
19871030     -0.2181     -0.2203     420.53     218.31
19871130     -0.0750     -0.0795     389.00     200.95
19871231      0.0683      0.0650     415.56     214.01
19880129      0.0452      0.0433     434.35     223.27
19880229      0.0496      0.0433     455.88     232.95
19880331     -0.0224     -0.0252     445.68     227.08
19880429      0.0107      0.0087     450.43     229.06
19880531      0.0037     -0.0009     452.11     228.84
19880630      0.0489      0.0460     474.22     239.37
19880729     -0.0060     -0.0087     471.37     237.29
19880831     -0.0285     -0.0332     457.94     229.42
19880930      0.0380      0.0353     475.34     237.50
19881031      0.0223      0.0188     485.96     241.97
19881130     -0.0148     -0.0199     478.79     237.16
19881230      0.0198      0.0162     488.28     241.00
19890131      0.0674      0.0644     521.21     256.52
19890228     -0.0184     -0.0224     511.63     250.78
19890331      0.0215      0.0185     522.62     255.42
19890428      0.0476      0.0455     547.50     267.05
19890531      0.0385      0.0334     568.58     275.96
19890630     -0.0023     -0.0050     567.28     274.59
19890731      0.0820      0.0796     613.81     296.44
19890831      0.0201      0.0159     626.14     301.16
19890929     -0.0030     -0.0056     624.28     299.47
19891031     -0.0284     -0.0306     606.58     290.32
19891130      0.0199      0.0161     618.63     295.00
19891229      0.0212      0.0183     631.72     300.39
19900131     -0.0679     -0.0699     588.83     279.40
19900228      0.0134      0.0092     596.73     281.97
19900330      0.0235      0.0209     610.77     287.86
19900430     -0.0275     -0.0300     593.96     279.23
19900531      0.0884      0.0838     646.45     302.62
19900629     -0.0058     -0.0084     642.73     300.07
19900731     -0.0041     -0.0064     640.10     298.14
19900831     -0.0874     -0.0915     584.14     270.86
19900928     -0.0490     -0.0513     555.52     256.96
19901031     -0.0094     -0.0121     550.30     253.84
19901130      0.0628      0.0583     584.86     268.63
19901231      0.0281      0.0247     601.31     275.26
19910131      0.0421      0.0398     626.63     286.23
19910228      0.0731      0.0688     672.44     305.94
19910328      0.0244      0.0221     688.83     312.68
19910430      0.0029      0.0006     690.85     312.88
19910531      0.0400      0.0362     718.46     324.19
19910628     -0.0421     -0.0445     688.22     309.77
19910731      0.0453      0.0434     719.40     323.20
19910830      0.0240      0.0203     736.69     329.75
19910930     -0.0130     -0.0153     727.12     324.72
19911031      0.0157      0.0140     738.53     329.25
19911129     -0.0379     -0.0415     710.54     315.60
19911231      0.1051      0.1022     785.19     347.86
19920131     -0.0101     -0.0116     777.23     343.82
19920228      0.0119      0.0085     786.47     346.75
19920331     -0.0201     -0.0226     770.69     338.93
19920430      0.0224      0.0207     787.92     345.93
19920529      0.0056      0.0022     792.32     346.69
19920630     -0.0164     -0.0190     779.35     340.10
19920731      0.0406      0.0390     811.02     353.36
19920831     -0.0194     -0.0228     795.32     345.30
19920930      0.0090      0.0067     802.49     347.61
19921030      0.0069      0.0053     808.00     349.44
19921130      0.0343      0.0308     835.75     360.21
19921231      0.0147      0.0123     848.07     364.65
19930129      0.0098      0.0084     856.40     367.70
19930226      0.0123      0.0092     866.91     371.09
19930331      0.0245      0.0218     888.11     379.17
19930430     -0.0228     -0.0243     867.82     369.96
19930528      0.0249      0.0216     889.41     377.94
19930630      0.0052      0.0028     894.06     378.99
19930730     -0.0010     -0.0025     893.17     378.06
19930831      0.0374      0.0341     926.54     390.95
19930930     -0.0042     -0.0064     922.69     388.46
19931029      0.0173      0.0158     938.65     394.60
19931130     -0.0150     -0.0182     924.53     387.40
19931231      0.0181      0.0159     941.27     393.55
19940131      0.0315      0.0299     970.93     405.34
19940228     -0.0267     -0.0295     945.03     393.36
19940331     -0.0430     -0.0453     904.44     375.54
19940429      0.0140      0.0123     917.08     380.18
19940531      0.0108      0.0074     926.97     383.00
19940630     -0.0258     -0.0282     903.07     372.19
19940729      0.0322      0.0306     932.12     383.59
19940831      0.0393      0.0360     968.74     397.41
19940930     -0.0215     -0.0237     947.95     388.00
19941031      0.0141      0.0124     961.32     392.80
19941130     -0.0378     -0.0409     925.01     376.74
19941230      0.0146      0.0119     938.47     381.21
19950131      0.0233      0.0215     960.31     389.38
19950228      0.0373      0.0344     996.13     402.79
19950331      0.0266      0.0242    1022.60     412.52
19950428      0.0237      0.0221    1046.89     421.64
19950531      0.0356      0.0324    1084.14     435.32
19950630      0.0218      0.0197    1107.80     443.89
19950731      0.0345      0.0324    1146.02     458.26
19950831      0.0072      0.0043    1154.29     460.25
19950929      0.0391      0.0372    1199.47     477.37
19951031     -0.0120     -0.0135    1185.08     470.91
19951130      0.0471      0.0442    1240.84     491.73
19951229      0.0197      0.0176    1265.25     500.39
19960131      0.0327      0.0312    1306.62     515.99
19960229      0.0120      0.0096    1322.27     520.92
19960329      0.0127      0.0108    1339.07     526.53
19960430      0.0136      0.0122    1357.29     532.95
19960531      0.0227      0.0201    1388.17     543.67
19960628      0.0005     -0.0013    1388.83     542.98
19960731     -0.0457     -0.0474    1325.34     517.24
19960830      0.0275      0.0251    1361.75     530.22
19960930      0.0480      0.0460    1427.10     554.63
19961031      0.0193      0.0177    1454.66     564.45
19961129      0.0666      0.0643    1551.54     600.74
19961231     -0.0136     -0.0155    1530.40     591.41
19970131      0.0492      0.0480    1605.77     619.81
19970228      0.0108      0.0087    1623.06     625.22
19970331     -0.0403     -0.0422    1557.67     598.86
19970430      0.0447      0.0433    1627.24     624.77
19970530      0.0630      0.0609    1729.83     662.83
19970630      0.0469      0.0454    1811.00     692.89
19970731      0.0706      0.0690    1938.80     740.74
19970829     -0.0436     -0.0452    1854.31     707.28
19970930      0.0578      0.0561    1961.40     746.99
19971031     -0.0302     -0.0314    1902.17     723.50
19971128      0.0365      0.0348    1971.68     748.66
19971231      0.0253      0.0236    2021.62     766.34
19980130     -0.0009     -0.0019    2019.86     764.90
19980227      0.0686      0.0668    2158.41     816.03
19980331      0.0543      0.0528    2275.55     859.14
19980430      0.0095      0.0084    2297.19     866.32
19980529     -0.0191     -0.0206    2253.28     848.44
19980630      0.0252      0.0238    2310.14     868.68
19980731     -0.0255     -0.0266    2251.32     845.57
19980831     -0.1481     -0.1497    1917.87     719.03
19980930      0.0499      0.0481    2013.50     753.64
19981030      0.0810      0.0799    2176.69     813.82
19981130      0.0531      0.0515    2292.30     855.71
19981231      0.0484      0.0469    2403.35     895.85
19990129      0.0128      0.0119    2434.21     906.50
19990226     -0.0241     -0.0256    2375.45     883.31
19990331      0.0287      0.0272    2443.52     907.30
19990430      0.0530      0.0520    2573.13     954.51
19990528     -0.0185     -0.0206    2525.41     934.86
19990630      0.0424      0.0411    2632.40     973.26
19990730     -0.0344     -0.0355    2541.85     938.74
19990831     -0.0222     -0.0236    2485.36     916.55
19990930     -0.0299     -0.0314    2410.99     887.76
19991029      0.0571      0.0561    2548.72     937.61
19991130      0.0097      0.0082    2573.50     945.29
19991231      0.0336      0.0322    2659.98     975.72
20000131     -0.0420     -0.0429    2548.24     933.86
20000229     -0.0385     -0.0400    2450.15     896.48
20000331      0.0951      0.0936    2683.12     980.43
20000428     -0.0076     -0.0088    2662.69     971.82
20000531     -0.0015     -0.0032    2658.61     968.76
20000630      0.0026      0.0016    2665.63     970.30
20000731     -0.0002     -0.0012    2665.04     969.13
20000831      0.0575      0.0558    2818.36    1023.25
20000929     -0.0146     -0.0156    2777.28    1007.29
20001031      0.0012      0.0003    2780.68    1007.58
20001130     -0.0509     -0.0526    2639.01     954.59
20001229      0.0426      0.0413    2751.34     994.04
20010131      0.0140      0.0130    2789.85    1006.97
20010228     -0.0567     -0.0581    2631.64     948.44
20010330     -0.0501     -0.0512    2499.83     899.85
20010430      0.0674      0.0662    2668.31     959.39
20010531      0.0135      0.0118    2704.40     970.75
20010629     -0.0284     -0.0293    2627.54     942.28
20010731     -0.0056     -0.0068    2612.71     935.89
20010831     -0.0465     -0.0482    2491.29     890.82
20010928     -0.0726     -0.0739    2310.54     825.01
20011031      0.0059      0.0047    2324.07     828.85
20011130      0.0631      0.0614    2470.72     879.72
20011231      0.0198      0.0183    2519.77     895.85
20020131     -0.0181     -0.0193    2474.16     878.58
20020228     -0.0002     -0.0018    2473.74     876.96
20020328      0.0391      0.0380    2570.44     910.27
20020430     -0.0411     -0.0422    2464.85     871.89
20020531     -0.0033     -0.0050    2456.82     867.54
20020628     -0.0658     -0.0672    2295.21     809.22
20020731     -0.0788     -0.0800    2114.31     744.44
20020830      0.0115      0.0097    2138.64     751.66
20020930     -0.0980     -0.0996    1929.10     676.78
20021031      0.0622      0.0606    2049.13     717.76
20021129      0.0497      0.0478    2151.00     752.04
20021231     -0.0433     -0.0452    2057.88     718.04
20030131     -0.0258     -0.0272    2004.77     698.48
20030228     -0.0216     -0.0237    1961.41     681.94
20030331      0.0120      0.0103    1984.85     688.97
20030430      0.0803      0.0786    2144.32     743.14
20030530      0.0569      0.0549    2266.27     783.91
20030630      0.0164      0.0146    2303.39     795.32
20030731      0.0119      0.0103    2330.89     803.54
20030829      0.0205      0.0187    2378.66     818.58
20030930     -0.0085     -0.0103    2358.33     810.13
20031031      0.0546      0.0530    2487.21     853.06
20031128      0.0165      0.0147    2528.29     865.56
20031231      0.0520      0.0500    2659.79     908.86
