====================================================
BOOTSTRAP RESULTS
FB - regressions
R2: data  mean  confidence interval
    0.1384    0.0279    0.0000    0.1256
    0.1409    0.0309    0.0000    0.1412
    0.1529    0.0309    0.0000    0.1421
    0.0601    0.0307    0.0000    0.1414

Wald statistic, asymp. p-value, small sample p-value
   14.1786    0.0000    0.0165
   13.4733    0.0000    0.0207
   11.6056    0.0000    0.0308
    3.7342    0.1123    0.2013

FB coefficient estimates
    0.0387    0.0142    0.3668    0.9394   -0.3015    0.4280
   -0.1440    0.0268    0.7085    1.2411   -0.3315    0.4644
   -0.4116    0.0314    0.9382    1.4949   -0.3231    0.4555
   -0.1125    0.0336    1.0893    1.0947   -0.3157    0.4473

----------------------------------------------------
FB - regressions for the short rate
R2: data  mean  confidence interval
    0.0007    0.1820    0.0693    0.3241
    0.0186    0.3124    0.1272    0.5243
    0.0663    0.4050    0.1720    0.6353
    0.1091    0.4649    0.2013    0.6960

Wald statistic, asymp. p-value, small sample p-value
    0.0591    0.9832    0.9999
    0.8572    0.7292    0.9992
    5.2544    0.0296    0.9770
    7.4530    0.0032    0.9623

FB coefficient estimates
   -0.0387   -0.0142    0.3668    0.0606    1.3015    0.4280
   -0.1705   -0.0290    0.6920    0.3164    1.2948    0.4112
   -0.4361   -0.0341    0.8963    0.5646    1.2559    0.3535
   -0.5792   -0.0353    1.0250    0.7549    1.2243    0.3112

-----------------------------------------------------
CP - regression
R2: data, mean, conf interval
    0.3351    0.0492    0.0029    0.1689
    0.3437    0.0494    0.0029    0.1695
    0.3697    0.0494    0.0029    0.1696
    0.3394    0.0494    0.0029    0.1696

Wald statistic, asymp. p-value, small sample p-value
  143.0315    0.0000         0
  107.6957    0.0000         0
  104.0223    0.0000         0
   77.8188    0.0000    0.0001

CP parameter estimates for beta
betas 1 2: data,  mean,  std 
   -1.9630   11.4324   52.1541   -0.9375    0.1196    0.3937
   -3.2813   21.3998   97.3925   -1.6641    0.2269    0.7335
   -4.5733   28.4930  129.7125   -2.3950    0.3041    0.9749
   -5.7767   33.2191  151.5034   -2.9823    0.3562    1.1373

betas 3 4
    0.7370    0.1072    0.7983    1.1463    0.5555    3.5409
    0.7443    0.1898    1.4208    2.9585    1.0721    6.5458
    1.1078    0.2482    1.8715    3.4550    1.4251    8.6933
    1.4818    0.2876    2.1720    3.9246    1.6628   10.1386

betas 5 6
    0.2372    1.3872    8.0056   -0.9132   -3.8813   18.0176
    0.2935    2.5501   14.5369   -1.9023   -7.2432   33.4676
    1.1777    3.4102   19.2872   -2.7806   -9.6540   44.5458
    1.1356    3.9730   22.4707   -2.8797  -11.2537   52.0073

----------------------------------------------------
CP - regression for short rate
R2: data, mean, conf interval
    0.2288    0.2000    0.0846    0.3498

Wald statistic, asymp. p-value, small sample p-value
  118.5561    0.0000    0.0020

CP parameter estimates for beta
    1.9630  -11.4324   52.1541
   -0.0625   -1.1196    0.3937
    0.2630    0.8928    0.7983
   -1.1463   -0.5555    3.5409
   -0.2372   -1.3872    8.0056
    0.9132    3.8813   18.0176

----------------------------------------------------
CP - restricted regressions
average hprx on f
R2: data, mean, conf interval
    0.3505    0.0494    0.0029    0.1696

Wald statistic, asymp. p-value, small sample p-value
   97.2260    0.0000    0.0000

gammas: data, mean, std
   -3.8986   23.6361  107.6629
   -1.9947    0.2517    0.8097
    1.0177    0.2082    1.5641
    2.8711    1.1789    7.2262
    0.7110    2.8301   16.0641
   -2.1190   -8.0080   36.9967

hprx(n) on gamma*f
R2: data, mean, conf interval
    0.3236    0.0492    0.0029    0.1689
    0.3394    0.0494    0.0029    0.1695
    0.3683    0.0494    0.0029    0.1696
    0.3371    0.0494    0.0028    0.1696

bs: data, mean, std
    0.4742    0.4817    0.0034
    0.8662    0.9043    0.0015
    1.2327    1.2056    0.0013
    1.4268    1.4084    0.0034

-----------------------------------------------------
Bond portfolios
R2: data, mean, conf interval
    0.3507    0.0494    0.0029    0.1395
    0.1837    0.0379    0.0025    0.1195
    0.2707    0.0387    0.0024    0.1206
    0.1557    0.0376    0.0027    0.1147

Wald statistic, asymp. p-value, small sample p-value
   92.4269    0.0000    0.0000
   93.8429    0.0000    0.0000
  107.3517    0.0000    0.0000
   31.7306    0.0000    0.0067

Slope estimates
    8.2949  -10.7256  233.0491    4.2736    0.0722    1.7927
   -0.2595   -0.0587    2.1303   -0.1081    0.0008    0.0149
   -0.0228    1.3590    4.3407   -0.0481    0.0094    0.0307
    0.1783    1.5997    5.7742    0.0162    0.0144    0.0412

betas 3 4
   -2.1015    0.4619    3.2921   -6.0876   -1.6387   15.3953
    0.1163    0.0038    0.0328   -0.0887   -0.0140    0.1465
    0.0774    0.0011    0.0711   -0.5574    0.0752    0.3052
   -0.2906    0.0014    0.1020    0.1705    0.1024    0.4130

betas 5 6
   -1.6188   -2.4612   34.3583    4.5166    5.1575   79.9185
   -0.1613    0.0028    0.3379    0.2521    0.0156    0.7497
    0.3992    0.2075    0.6947    0.0989   -0.4958    1.5228
    0.1146    0.1981    0.9738   -0.0623   -0.5552    2.0434
